012345678910
111213141516171819
20212223242526272829
30313233343536373839
40414243444546474849
50515253545556575859
60616263646566676869
70717273747576777879
80818283848586878889
90919293949596979899
100101102103104105106107108109110
111112113114115116117118119120
121122123124125126127128129130
131132133134135136137138139140
141142143144145146147148149150
151152153154155156157158159160
161162163164165166167168169170
171172173174175176177178179180
181182183184185186187188189190
191192193194195196197198199200
201202203204205206207208209210
211212213214215216217218219220
221222223224225226227228229230
231232233234235236237238239240
241242243244245246247248249250
251252253254255256257258259260
261262263264265266267268269270
271272273274275276277278279280
281282283284285286287288289290
291292293294295296297298299300
301302303304305306307308309310
311312313314315316317318319320
321322323324325326327328329330
331332333334335336337338339340
341342343344345346347348349350
351352353354355356357358359360
361362363364365366367368369370371372373374375376377378379380381382383384385386387388389390391392393394395396397398399400401402403404405406407408409410411412413414415416417418419420421422423424425426427428429430431432433434435436437438439440441442443444445446447448449450451452453454455456457458459460461462463464465466467468469470471472473474475476477478479480481482483484485486487488489490491492493494495496497498499

